19557797
19569687
19587555
19589089
19596230
19602183
19557797
19557797
19569687
19587555
19589089
19596230
19557797
19569687
19587555
19589089
19596230
19602183
19606220
19606538
19607903
19621416
19624624
19636213
19638650
19639471
19649479
19651181
19655466
19665146
19675656
19679410
19684902
19689794
19691653
19701842
19704367
19711463
19721142
19730585
19733953
19738282
19744145
19747470
19748866
19754428
19759297
19759993
19770358
19788164
19795293
19801690
19802860
19804463
19823763
19824565
19841461
19845883
19851832
19859902
19862349
19884570
19885862
19885911
19889814
19890642
19890736
19895666
19895789
19897141
19898092
19899034
19905073
19907731
19911154
19916153
19917797
19918341
19918668
19920845
19921782
19922918
19923245
19924143
19924277
19929890
19932272
19934502
19939152
19943418
19944324
19945887
19948128
19952428
19952433
19960792
19960796
19964428
19964959
19966992
19970560
19971974
19973240
19974373
19976416
19976799
19977943
19979782
19980202
19980300
19981510
19983217
19988530
19990607
19990610
19992528
19993179
19994333
19998300
19998638
20000236
20001841
20005035
20005520
20005966
20006528
20008223
20008233
20009593
20011964
20014380
20016523
20017378
20019052
20020248
20020500
20021177
20023417
20023971
20024631
20029618
20031049
20032027
20032670
20032903
20034113
20034336
20034753
20036039
20039259
20042352
20042408
20044441
20047444
20047993
20048779
20049508
20051457
20056089
20056491
20058114
20058733
20059752
20060181
20061021
20061102
20067092
20070520
20083221
20083229
20085235
20092010
20092344
20096154
20096670
20098928
20100360
20104761
20105144
20108714
20110924
20115178
20122638
20122718
20123261
20125384
20127634
20139239
20141429
20143953
20146000
20146045
20150359
20152853
20154090
20156493
20158152
20164392
20167901
20168403
20168595
20168597
20168651
20176286
20178726
20179558
20184857
20186445
20188909
20188961
20191359
20193004
20200615
20201972
20202230
20208428
20210416
20212415
20214121
20215080
20216806
20221715
20222823
20225737
20228202
20229249
20229706
20239364
20240533
20242734
20248897
20255614
20255728
20255958
20256599
20257232
20261213
20261317
20264198
20273192
20275578
20277616
20277860
20278676
20279932
20281237
20283838
20285684
20287401
20287649
20287674
20289531
20292316
20295549
20297036
20297377
20298345
20298702
20299736
20301397
20301462
20301713
20302251
20302437
20302591
20304733
20306222
20306402
20311704
20311982
20312473
20312484
20314255
20323076
20323639
20327461
20327724
20328527
20334469
20338058
20338585
20339151
20339970
20355297
20357585
20359670
20359903
20363696
20365887
20366617
20366866
20368143
20370449
20370648
20374239
20375916
20376250
20376729
20385164
20385464
20386394
20388492
20388880
20389587
20390997
20391248
20393450
20395549
20395781
20398616
20399834
20400125
20400593
20401776
20401926
20402109
20405562
20405797
20407317
20408606
20408836
20409142
20409902
20411889
20411948
20412669
20416955
20417150
20418254
20419371
20419515
20425631
20428214
20429341
20430943
20432152
20434774
20441005
20455546
20455999
20456198
20458712
20458877
20461904
20463089
20464191
20464287
20465472
20468460
20469570
20473757
20482107
20482601
20484425
20484900
20485254
20485849
20488410
20489212
20495911
20496352
20500968
20502995
20504786
20504953
20505990
20507666
20509144
20510316
20510728
20511749
20513375
20516764
20517069
20521290
20526091
20526771
20527648
20527941
20530651
20531439
20531657
20534656
20534901
20537940
20541170
20542745
20545103
20545211
20546928
20549072
20550167
20553734
20556296
20556461
20557046
20557506
20567713
20569515
20570159
20570636
20572262
20576085
20577863
20584741
20587294
20587318
20589253
20590382
20591842
20592603
20593719
20595075
20597941
20602852
20607425
20610955
20612721
20612914
20617097
20625703
20626899
20628016
20640498
20651505
20651704
20651711
20653963
20659134
20660178
20661680
20668604
20669441
20674914
20687863
20692099
20699147
20703365
20705857
20706006
20706948
20707141
20709423
20711904
20715561
20727194
20734909
20737643
20738607
20740884
20749004
20750716
20760006
20760971
20761228
20765056
20766734
20776160
20784082
20784338
20784522
20784737
20786608
20787772
20789250
20792409
20794361
20798682
20804753
20806428
20817792
20833518
20836341
20840874
20841119
20846879
20847888
20848335
20851220
20861260
20875491
20886825
20887109
20887545
20904302
20906002
20924680
20940082
20948420
20961178
20977094
20978511
20982548
20985590
20986873
20990549
20998388
20998830
21010148
21016607
21025211
21025710
21060448
21066362
21073602
21076627
21081302
21094902
21097396
21101817
21107672
21110849
21122371
21123619
21127893
21149984
21153618
21175703
21181450
21183461
21194311
21202136
21208468
21227396
21230758
21234062
21247556
21253944
21257106
21260661
21261475
21278236
21282479
21292701
21293752
21295246
21296332
21298427
21304214
21318367
21359865
21361525
21367367
21368307
21376239
21377487
21381796
21396942
21398544
21399458
21404195
21409296
21449597
21452043
21457655
21458279
21458823
21466452
21476950
21483234
21484091
21486995
21494487
21500810
21511120
21519381
21534077
21538660
21549783
21553727
21558096
21558886
21560112
21564245
21565330
21567651
21580146
21580206
21611821
21619175
21619272
21624292
21628361
21631170
21637589
21645057
21645386
21654908
21657676
21661498
21663612
21663763
21665721
21667393
21669607
21671035
21675208
21698198
21698454
21705227
21710857
21728252
21739956
21744952
21752853
21755255
21755487
21758645
21758700
21759624
21768300
21772318
21778033
21780438
21782528
21782653
21787232
21802983
21805788
21808248
21811660
21827491
21828135
21835341
21846199
21856226
21862898
21863724
21864810
21866758
21871088
21880096
21893167
21896633
21902188
21907599
21908098
21919317
21919908
21921331
21932620
21934183
21961512
21981058
21997815
22015255
22015317
22018184
22039434
22042668
22044619
22051903
22061326
22062523
22068097
22078236
22093314
22094459
22099262
22108012
22118670
22124002
22131492
22134958
22147206
22149816
22150672
22157884
22162189
22168362
22169159
22175082
22176377
22178868
22185482
22190104
22191499
22213153
22218380
22236782
22238159
22252725
22257196
22259967
22263377
22276166
22280696
22283821
22288725
22293777
22295393
22296677
22298248
22306394
22313393
22314497
22315792
22323261
22324020
22325515
22325815
22326286
22331661
22332655
22336250
22339362
22345325
22352119
22357034
22357538
22357631
22360148
22360645
22365057
22365783
22366609
22380488
22380750
22414184
22414361
22417729
22422624
22432442
22438484
22439189
22447974
22450125
22459819
22463242
22463701
22467582
22482295
22485443
22489952
22494105
22494158
22498614
22508677
22510395
22513183
22522407
22528763
22531822
22536493
22538950
22553761
22554495
22556794
22557056
22563070
22564649
22566395
22566396
22568937
22572549
22578993
22581772
22587580
22601506
22602540
22602657
22612897
22613868
22614212
22616375
22617101
22622707
22631737
22632568
22635258
22637577
22638194
22645071
22656916
22658405
22663604
22666580
22670028
22673671
22681142
22706323
22708465
22709100
22712491
22713930
22714387
22720399
22721304
22735658
22737310
22737405
22739001
22739592
22743960
22744312
22746837
22748777
22749331
22750182
22755505
22755533
22758714
22765983
22768262
22769579
22775926
22781649
22785547
22786508
22790305
22790970
22794831
22795144
22797149
22797464
22800982
22821215
22830150
22832701
22834254
22843634
22846117
22846535
22849334
22853451
22856361
22863221
22864881
22868861
22868931
22881300
22885705
22888369
22891330
22902217
22904442
22913001
22913997
22918206
22924738
22932567
22937546
22937845
22952377
22952475
22952591
22953267
22954435
22954518
22954819
22963389
22968957
22970452
22971874
22974661
22977065
22993061
23001584
23009569
23012406
23013394
23020042
23021443
23021994
23022032
23022139
23025382
23027411
23031306
23031360
23035282
23038883
23040387
23043088
23045256
23054650
23055347
23060215
23065299
23067000
23070842
23075111
23085177
23087083
23088538
23088765
23092649
23092701
23101706
23116273
23120235
23120606
23121863
23122456
23127759
23134695
23136055
23136148
23140107
23146089
23147234
23147677
23150737
23150938
23151525
23178552
23182330
23182498
23186033
23194748
23202402
23202894
23207895
23233273
23234152
23236161
23236640
23241456
23247083
23257194
23257412
23262089
23264023
23265084
23266136
23266618
23273052
23274314
23274549
23288799
23288862
23290260
23294060
23299731
23317191
23317802
23328730
23334646
23344932
23357108
23391991
23393255
23394814
23407360
23415758
23424913
23430436
23440132
23441972
23443248
23443944
23449254
23456003
23456252
23459738
23478920
23481977
23482587
23486409
23492517
23493033
23496879
23498827
23501534
23503283
23504600
23505250
23506556
23507459
23512634
23512877
23524936
23525590
23527973
23534399
23538008
23541849
23543719
23543932
23554531
23560393
23565135
23566411
23566800
23566986
23571079
23579531
23581970
23584603
23593624
23593716
23593804
23594610
23598328
23600751
23603875
23610445
23611347
23615160
23615804
23615901
23616174
23633505
23635038
23635160
23655949
23660604
23661572
23663225
23675940
23676564
23682767
23683535
23684594
23685982
23695062
23698772
23700083
23704481
23706233
23711393
23714727
23716365
23719632
23722101
23723417
23733641
23734597
23736465
23737452
23746274
23746366
23751733
23752756
23763250
23769059
23771841
23772456
23774876
23776540
23787731
23789909
23790676
23793344
23795301
23811126
23811467
23813862
23814540
23815054
23832502
23849523
23864733
23864841
23866616
23869672
23877176
23883502
23885945
23889792
23892513
23893390
23897883
23899162
23907781
23908444
23909335
23918709
23925457
23927742
23929247
23937188
23945379
23946441
23966289
23970986
23972198
23975512
23984289
23984299
23985271
23985417
23987855
23988290
23992178
23993288
23995561
24002491
24002984
24003996
24004030
24005194
24006254
24014416
24020868
24023229
24024659
24026432
24039149
24040341
24041095
24042730
24044743
24054707
24057594
24058701
24068917
24069132
24073475
24076626
24079050
24079888
24084001
24084932
24097946
24098624
24105985
24113696
24116967
24117167
24121615
24124157
24127640
24134326
24146234
24154609
24157684
24161623
24161658
24162833
24169651
24172271
24177523
24179082
24183367
24183947
24187432
24207261
24207700
24207739
24207880
24211354
24226532
24228016
24229280
24235915
24236627
24240306
24241771
24245295
24245353
24249539
24258023
24258759
24276976
24278291
24279507
24279874
24289025
24292339
24293354
24293571
24297735
24303670
24309599
24310061
24314026
24314716
24318015
24333744
24333831
24334028
24338156
24344564
24346012
24346050
24348670
24348793
24353052
24357810
24366730
24368150
24368215
24370676
24371021
24373769
24377339
24379827
24385822
24396448
24413033
24414236
24414706
24419592
24421381
24427577
24428104
24429345
24430794
24436195
24437490
24439516
24440986
24443868
24448429
24454096
24456190
24457712
24466968
24474920
24476439
24484015
24484731
24484761
24487538
24493368
24495320
24499262
24506954
24508011
24513367
24513414
24520393
24522542
24524433
24526479
24534760
24543536
24551569
24553087
24563529
24563768
24565661
24568891
24580716
24581110
24581666
24582472
24595014
24601525
24602818
24606099
24609413
24609687
24612523
24617741
24623329
24634701
24635291
24638193
24650522
24650929
24657024
24660739
24669735
24670370
24673200
24683372
24685281
24685347
24693717
24697615
24700231
24702984
24703558
24710610
24713069
24714512
24722901
24724802
24728200
24730040
24739585
24740785
24750488
24755289
24763806
24767067
24769032
24777633
24786878
24788254
24789133
24789346
24790072
24790411
24802504
24805104
24811821
24816484
24820876
24821602
24823089
24825439
24826944
24833372
24833694
24849218
24851302
24858125
24862501
24862566
24862969
24863082
24864752
24868710
24869395
24870090
24871100
24878091
24880911
24884932
24889580
24897955
24898235
24907873
24908712
24909493
24909872
24910001
24910516
24912697
24919994
24924116
24924318
24926221
24926411
24927708
24931236
24936740
24937336
24938055
24952480
24953260
24957182
24959531
24963784
24970724
24973285
24986159
24986592
24991432
24993626
24995619
25004808
25005031
25016325
25019645
25021574
25024320
25024558
25028668
25030430
25030475
25037345
25039128
25045419
25046622
25062166
25064068
25064753
25079632
25079705
25083276
25084350
25091409
25097966
25098592
25100469
25100815
25101353
25102487
25106919
25114496
25115262
25116692
25117231
25121444
25134541
25152293
25152547
25157435
25160428
25163089
25217781
25218415
25249078
25255449
25255689
25258761
25264225
25264931
25266727
25273368
25278085
25281257
25306084
25310545
25312224
25312471
25313930
25349996
25350675
25351707
25353381
25353744
25365245
25365505
25365862
25367435
25379813
25385187
25386968
25389647
25390316
25390827
25392212
25393231
25394908
25396989
25397090
25398326
25409331
25416278
25418067
25420006
25421163
25421669
25433924
25438940
25441071
25458025
25460323
25470047
25475376
25497587
25498364
25509770
25510794
25511116
25515847
25516146
25516538
25518363
25519694
25520583
25523664
25528969
25535377
25539324
25539801
25542935
25543564
25546586
25546614
25546747
25547600
25554126
25559420
25563640
25563768
25569759
25580344
25581709
25583667
25628616
25628841
25631643
25649766
25652964
25653411
25653446
25654741
25672963
25673015
25681683
25693637
25695700
25697562
25698824
25711440
25742545
25750794
25754140
25812148
25835404
25845617
25867109
25868417
25882084
25892852
25907265
25907944
25908231
25921446
25947614
25983377
25983906
25984818
25984982
25991693
26005620
26021259
26022804
26028884
26040232
26040913
26053545
26064926
26065749
26070146
26073311
26076923
26080418
26085936
26090064
26090395
26090484
26091912
26092537
26095733
26100092
26102851
26102948
26104030
26106139
26109933
26109945
26110137
26111104
26112827
26118912
26122427
26122635
26129205
26133085
26136689
26154876
26155864
26220441
26222059
26227726
26229037
26229160
26236290
26288906
26296678
26296711
26355702
26372845
26375324
26394721
26395321
26395797
26398755
26413447
26414948
26415273
26416204
26425326
26436062
26439323
26441300
26445126
26455244
26457300
26471177
26472913
26480466
26486363
26487394
26488194
26510323
26514566
26515427
26527294
26527795
26528090
26541982
26548410
26549440
26551754
26555577
26555896
26558183
26562443
26562539
26566412
26566515
26570309
26571633
26576967
26588185
26593051
26593898
26597074
26598620
26604612
26607538
26608819
26620073
26626173
26630817
26631248
26637304
26639580
26641671
26648227
26650638
26650673
26657054
26659046
26678269
26679924
26696758
26701787
26707697
26720811
26725004
26734582
26738477
26739127
26739531
26743872
26747507
26750158
26750505
26753729
26756145
26758764
26760323
26767844
26772431
26785194
26788872
26789519
26791409
26795121
26799707
26816967
26817507
26820080
26832441
26834036
26834728
26842333
26857625
26863154
26865778
26871164
26883776
26886691
26890914
26894815
26901352
26903544
26907148
26909544
26910336
26910483
26913619
26923785
26925498
26926127
26926453
26926564
26934529
26935450
26937855
26939600
26946860
26947099
26948279
26950831
26956895
26963836
26968535
26970083
26970427
26972953
26974297
26975504
26978354
26978519
26978990
26979056
26979549
26980854
26983024
26985460
26989018
26989881
26991285
26995308
26997226
27004374
27004758
27006826
27010623
27012491
27014333
27019563
27021364
27021496
27025857
27027097
27038256
27038484
27038615
27044137
27048959
27049755
27053208
27056916
27057030
27057558
27058044
27060501
27065284
27065863
27067135
27068465
27068532
27068932
27080032
27081528
27082442
27082644
27083835
27085298
27087800
27091607
27094294
27103265
27108993
27111776
27121117
27123442
27124401
27126327
27127766
27130538
27134825
27139519
27142832
27144964
27148852
27150997
27158146
27164141
27164687
27166510
27168956
27170175
27173602
27178206
27186628
27191618
27197312
27205039
27207222
27218372
27225176
27226162
27227478
27232918
27239974
27244711
27248094
27248444
27253188
27266857
27275689
27281745
27284162
27284315
27284451
27285564
27286136
27290304
27293419
27297439
27302256
27308547
27310009
27313846
27315700
27318608
27330767
27338331
27348163
27349846
27350202
27353624
27357727
27361407
27361452
27362649
27365286
27368268
27372986
27374089
27377242
27377964
27385149
27386663
27388776
27397188
27398177
27398588
27402844
27409858
27414345
27421924
27428462
27430597
27434493
27441042
27441424
27445212
27446160
27447013
27447851
27448354
27458310
27459050
27459122
27459969
27468258
27471510
27475073
27479290
27480850
27496410
27497364
27498534
27500046
27501349
27502233
27504204
27507213
27508582
27510088
27512279
27521480
27523546
27527782
27530562
27530663
27542222
27542233
27543027
27560192
27561743
27572304
27577322
27580058
27580828
27585872
27599242
27599265
27599460
27599717
27599814
27606593
27608708
27610376
27612051
27613866
27617965
27626142
27628060
27630564
27635113
27635686
27644477
27644840
27645500
27645697
27646061
27648755
27656278
27659531
27668301
27676414
27676694
27677011
27689443
27691802
27705846
27712821
27713074
27714176
27721565
27737228
27744659
27751120
27753178
27759477
27761341
27769039
27776003
27784592
27787924
27788419
27796691
27796695
27805911
27819970
27820005
27820488
27824996
27829621
27840842
27841289
27844536
27846582
27847129
27849007
27850159
27851030
27851715
27853637
27858446
27863260
27863277
27867771
27874249
27881854
27884606
27891172
27894599
27897326
27900186
27902986
27904012
27908392
27908652
27908677
27909906
27919450
27920418
27930531
27932150
27937335
27955758
27961039
27962530
27962770
27974040
27974955
27976317
27977911
27990427
27996665
28001575
28007323
28007920
28019637
28026156
28026544
28027059
28027743
28033747
28051968
28055741
28070561
28070669
28076940
28078332
28079806
28080415
28094043
28105774
28108657
28109540
28112983
28114653
28117235
28122047
28126953
28128055
28128732
28131353
28133125
28139553
28142056
28146175
28146795
28150249
28151042
28153796
28162707
28166951
28167671
28170835
28177424
28186696
28190927
28194655
28198739
28199790
28201727
28201748
28202126
28207685
28209118
28220983
28226626
28226959
28227840
28228731
28236278
28237355
28240294
28245561
28247402
28248531
28249396
28254378
28256759
28259381
28260136
28260186
28277135
28278224
28283207
28292425
28292740
28295140
28295275
28317421
28318358
28319393
28322073
28323641
28323847
28330514
28335876
28338953
28348181
28348693
28351922
28354833
28364124
28365660
28374572
28377607
28390879
28394795
28398932
28405128
28406213
28406402
28407088
28409136
28427287
28430531
28432389
28446677
28448780
28450352
28458605
28458799
28467867
28469801
28471068
28477794
28479496
28484055
28489168
28492222
28493609
28497618
28510883
28514688
28515179
28517099
28525100
28525828
28530308
28530874
28531504
28536671
28547930
28549198
28552195
28552514
28553997
28558702
28562153
28566009
28566621
28575864
28577652
28579984
28582706
28585417
28587425
28590134
28600808
28600890
28601902
28602107
28603655
28605752
28608655
28610701
28615255
28617269
28626263
28633714
28634839
28636966
28643711
28650935
28651190
28656794
28660489
28664416
28665607
28666857
28667055
28668351
28677676
28678603
28679245
28688791
28691822
28700518
28705186
28705347
28708042
28715487
28716561
28720488
28721852
28725130
28726819
28732591
28733113
28739053
28748405
28754450
28776408
28776696
28797905
28798914
28819689
28823351
28832871
28833747
28835383
28838164
28840123
28846210
28848076
28853435
28860498
28861337
28868234
28871999
28873888
28875473
28876902
28877174
28879776
28879939
28880761
28883957
28884973
28886029
28892019
28905357
28908519
28910491
28912306
28916959
28923290
28923752
28927850
28929222
28931443
28943259
28946968
28962720
28963403
28969152
28970849
28982625
28985255
28997957
29011183
29014109
29014487
29020955
29025486
29033612
29035217
29036210
29047931
29049597
29054543
29059642
29060363
29060387
29060433
29077475
29082654
29082940
29096273
29097082
29097123
29098068
29100940
29114973
29115036
29134257
29135464
29168965
29170027
29185072
29189629
29191099
29196499
29199577
29203599
29204962
29224536
29226206
29226990
29253451
29259095
29259316
29262658
29268056
29269049
29274345
29288544
29296956
29299134
29300762
29302513
29306461
29308341
29312659
29313762
29314969
29316073
29330851
29337468
29339517
29339674
29342183
29347428
29349832
29354350
29356997
29358870
29367188
29367395
29381717
29396673
29396823
29397526
29411009
29413322
29418363
29427447
29437470
29438536
29451590
29454493
29455269
29460939
29462345
29467318
29480285
29481274
29490472
29490864
29495882
29497152
29497836
29498710
29502104
29510826
29511071
29515630
29516733
29528349
29533700
29533738
29541517
29547414
29554817
29563202
29568317
29572851
29573232
29584426
29589388
29592737
29598415
29600104
29600167
29605953
29611534
29615770
29619212
29627151
29632076
29635350
29643773
29655539
29665258
29675892
29677148
29688199
29689321
29689463
29693674
29701241
29707483
29707975
29720429
29726353
29729129
29738656
29748520
29752196
29771325
29775622
29776613
29779160
29780358
29809404
29819709
29823508
29828267
29836408
29851572
29852167
29854309
29855492
29864917
29867152
29873938
29875852
29882844
29888808
29891349
29896996
29915149
29931250
29932696
29933488
29933848
29947201
29949648
29955387
29967248
29968163
29970195
29970420
29972070
29990858
29991525
29994667
29995875
29996393
29996723
29999396
30000852
30015837
30023409
30031167
30032069
30039970
30050896
30054900
30064122
30066559
30071658
30080891
30083665
30085784
30086935
30088852
30090295
30093532
30095924
30100639
30103486
30108403
30117704
30121428
30124087
30135090
30138138
30158273
30159139
30161506
30165752
30166462
30185787
30202139
30202162
30208929
30214619
30215650
30216067
30225982
30230048
30253047
30257108
30259514
30262662
30277903
30280122
30294504
30299148
30317627
30325167
30325521
30325536
30326196
30328482
30333742
30337253
30338662
30340143
30340602
30346065
30346271
30346681
30348529
30348849
30358100
265782658
30365729
30366178
30366746
30373172
30373586
30375859
30381338
30387165
30389557
30390441
30392012
30394560
30401029
30401702
30407715
30408742
30415228
30415773
30416081
30432236
30436462
30441331
30445237
30448093
30448243
30457875
30467199
30474879
30488401
30491367
30493205
30497905
30498250
30501850
30510095
30527051
30534412
30535663
30546937
30551792
30554519
30555451
30569296
30581758
30583500
30589163
30592142
30601149
30610024
30610113
30611026
30621233
30628739
30629768
30634324
30639785
30646929
30657265
30679409
30680658
30682416
30684618
30695468
30704007
30704850
30711070
30711464
30714820
30726629
30736967
30755727
30757282
30757798
30765575
30765959
30777410
30782408
30786372
30793636
30800773
30800838
30816196
30825473
30833918
30835865
30851912
30851988
30863621
30881136
30882256
30884501
30892385
30896232
30905915
30906412
30906587
30914627
30926422
30926966
30938339
30949110
30956199
30958143
30961572
30962601
30985508
30986949
30990762
31005367
31009011
31009331
31010933
31011669
31018785
31023282
31023548
31024044
31025361
31032841
31033246
31037782
31046719
31053840
31059934
31066617
31066849
31073775
31077446
31079945
31100089
31104415
31106015
31113193
31118916
31154706
31169797
31169916
31170440
31179888
31181740
31196679
31208321
31225105
31232165
31235617
31235931
31252005
31266003
31274087
31275136
31276522
31284580
31301374
31319513
31353595
31366250
31370733
31373275
31381466
31387266
31403889
31408315
31413830
31421323
31424398
31430690
31432245
31436508
31436675
31438985
31439146
31440363
31441861
31451909
31468380
31471704
31480750
31498426
31512560
31524855
31532231
31545438
31559595
31583228
31589532
31595719
31607251
31611185
31622137
31638871
31657409
31657673
31667170
31688657
31712813
31713994
31721398
31727664
31739971
31748909
31752003
31756387
31758778
31766521
31778293
31784351
31786482
31792526
31817105
31818799
31820327
31828249
31842066
31842267
31857860
31867984
31870050
31879758
31880684
31881477
31916520
31925195
31925788
31963959
31964402
31967088
31975873
31999745
32002222
32022202
32036261
32068799
32072173
32074943
32078919
32080788
32080806
32089010
32094722
32112165
32117603
32125226
32155142
32169291
32183521
32183631
32189846
32191465
32206137
32210359
32245658
32255673
32261471
32287226
32291066
32297466
32312629
32363685
32372124
32420551
32479446
32527774
32694275
32767614
32768825
33028176
33041708
33093368
33110011
33197368
33214430
33217060
33241584
33243131
33303470
33308593
33309431
33319961
33320738
33391339
33394866
33403243
33407200
33412920
33413088
33447955
33486808
33501975
33548330
33550272
33554687
33560917
33572627
33579847
33582603
33590130
33612914
33614258
33712299
33726698
33751937
33878272
33892838
33896907
33947390
33956742
33964189
34017276
34017511
34017952
34043434
34064740
34087116
34147404
34158677
34190461
34231676
34253191
34275791
34305109
34321506
34337081
34400040
34432847
34436660
34447387
34448400
34477070
34482548
34484747
34514457
34521843
34571953
34593797
34598361
34600659
34615134
34615404
34678345
34679570
34744574
34771975
34775492
34802603
34817598
34821694
34844163
34856591
34858098
34864740
34870983
34884130
34894463
34901300
34904954
34921413
34937345
34942239
34954591
34983845
35005800
35012636
35019034
35024976
35040793
35055221
35073486
35082338
35096331
35133069
35150039
35169715
35177651
35187722
35195698
35214880
35218485
35226832
35233629
35236589
35241563
35250534
35274619
35290023
35329012
35334466
35335318
35349086
35353426
35362327
35412438
35414364
35420101
35423947
35425432
35425592
35425643
35436024
35467467
35487611
35488592
35498552
35549046
35556842
35586766
35586955
35626957
35632127
35633482
35634268
35642457
35653798
35657412
35659528
35663026
35667144
35685399
35688978
35723620
35729723
35751229
35751629
35755277
35777934
35808730
35808819
35823714
35843217
35843700
35850794
35851930
35853765
35855040
35865677
35866760
35868024
35868911
35892738
35912488
35919562
35938660
35944036
35959562
35975840
35987440
35994228
35994537
35997336
36005860
36013338
36016220
36019799
36034581
36045666
36059368
36059430
36068918
36071454
36071478
36083262
36101567
36115701
36164890
36166772
36167181
36194401
36204832
36208146
36216788
36222300
36225011
36238158
36280350
36284755
36312245
36339135
36340504
36358428
36359805
36368197
36368291
36391012
36394177
36395753
36396890
36402540
36415382
36422163
36428052
36447083
36454759
36474147
36500023
36523338
36525989
36533517
36542955
36545038
36556126
36559394
36560129
36562389
36564982
36566704
36585765
36586808
36602006
36614240
36615481
36615583
36618106
36619094
36638126
36670967
36671951
36674031
36704909
36707014
36712109
36743250
36749499
36751712
36753652
36779269
36834582
36839125
36858058
36866242
36873829
36893293
36897785
36898929
36908594
36916856
36916977
36920484
36921755
36923434
36925599
36929146
36937467
36940118
36946097
36950060
36959112
36977735
36991241
36995027
37017953
37021462
37038837
37042771
37044030
37055408
37068645
37093538
37093907
37109507
37125525
37127524
37134617
37172982
37201978
37205134
37215805
37259597
37261401
37263371
37303955
37316116
37323014
37329950
37330979
37351916
37357005
37363576
37369996
37378356
37378911
37387954
37404767
37415075
37428672
37439645
37459696
37477920
37479478
37492310
37496011
37508263
37538073
37550420
37551296
37555633
37556882
37559155
37571613
37575591
37588067
37597550
37600195
37600872
37618524
37648410
37669233
37672705
37673998
37674319
37693954
37703067
37724707
37737863
37764235
37767394
37768546
37791699
37794765
52963910
52969448
52976889
52986106
53012911
53016447
53018906
53022493
53022846
53026970
53036198
53040304
53040455
53054738
53058007
53068823
53103420
53107494
53108528
53111439
53116030
53135885
53151888
53163167
53180964
53198603
53202934
53234443
53244388
53244922
53256806
53260503
53269465
53272410
53276098
53282028
53297739
53328007
53333306
53338759
53364550
53381416
53388932
53388998
53406733
53422093
53426519
53446015
53469515
53475983
53485781
53488083
53494995
53499179
53538030
53560700
53562118
53574588
53576709
53577298
53584697
53617621
53639742
53643084
53645167
53653297
53665198
53665879
53666008
53675228
53678430
53695832
53719195
53730956
53748568
53755883
53767453
53770193
53789611
53790083
53797816
53801239
53801324
53818430
53820541
53838080
53842538
53848622
53848772
53870767
53905330
53938720
53941286
53956203
53956787
53960871
53990748
54015009
54022076
54024965
54045681
54076872
54079538
54084888
54104851
54197379
54209666
54209711
54238540
54294475
54306235
54310564
54322412
54326399
54357850
54384871
54403324
54416231
54416743
54420142
54438911
54442845
54448686
54459614
54460966
54475125
54478712
54499227
54536115
54541262
54566488
54577007
54581385
54586360
54599204
54606553
54616250
54642016
54644639
54654770
54662268
54671897
54674104
54675684
54749062
54753163
54766341
54772990
54782129
54814581
54826360
54848241
54866598
54883677
54885557
54954268
54958666
54961571
54964256
54966827
55037958
55067837
55070914
55093714
55106377
55107700
55129531
55140081
55143757
55148396
55165942
55168733
55176194
55189448
55194745
55201052
55204907
55209741
55223696
55230444
55263859
55281588
55284365
55290886
55294359
55295641
55296880
55298996
55304812
55316405
55330698
55332239
55375041
55401675
55403333
55407481
55417954
55458811
55460584
55474390
55484468
55489085
55495097
55502757
55503761
55506262
55513070
55515486
55528906
55536938
55538190
55543769
55544819
55548448
55550020
55562680
55567363
55573516
55573618
55585018
55595766
55601459
55627731
55645059
55645534
55667537
55676746
55678397
55682755
55686436
55687294
55689229
55702389
55711329
55711728
55711819
55713915
55716137
55753140
55753169
55758068
55762734
55775553
55785084
55802434
55804029
55811040
55837317
55842551
55843970
55860326
55861090
55882436
55885191
55902877
55935731
55947491
55961959
55980420
55982737
56005823
56006616
56006996
56012532
56039802
56045514
56052179
56099665
56104061
56107699
56132957
56148440
56148693
56190556
56192659
56198747
56219329
56224667
56232792
56264712
56280915
56296576
56306998
56318042
56335698
56366330
56367722
56381566
56387240
56411582
56411751
56413402
56414313
56414630
56430099
56458222
56458474
56459652
56518455
56531130
56539006
56540757
56572022
56577444
56595245
56598193
56625557
56636423
56666294
56672682
56673890
56689020
56689129
56702065
56703457
56765905
56766210
56773677
56776328
56788719
56800264
56801861
56814151
56814700
56817491
56827884
56837429
56842012
56843091
56845513
56852586
56868391
56887940
56893494
56901658
56904981
56971406
56981955
56984558
57020521
57048314
57072187
57105828
57121516
57154149
57155753
57187649
57191981
57208269
57219246
57224235
57235424
57236544
57241060
57244153
57245953
57259704
57314890
57321103
57323978
57327003
57331687
57353638
57376510
57387718
57391414
57402169
57415062
57425543
57430210
57447922
57457622
57466888
57487037
57500426
57537982
57554071
57570433
57574786
57596048
57597032
57611353
57612646
57646725
57660502
57675921
57676205
57695918
57703272
57706050
57721663
57729206
57747527
57763089
57769292
57787311
57787631
57790976
57793403
57798013
57798504
57811956
57812516
57831280
57847356
57848138
57865425
57865855
57867540
57875631
57884260
57891561
57904629
57905136
57922509
57945213
57973170
58001175
58004055
58008519
58011375
58031253
58039266
58066270
58076054
58086641
58094316
58102350
58107791
58120246
58130275
58138417
58169472
58169909
58190360
58208133
58216023
58218791
58227726
58262652
58267837
58289850
58301036
58303681
58312198
58315783
58317302
58323380
58332539
58343191
58354926
58382101
58382441
58385065
58385343
58404404
58429237
58442037
58455119
58467503
58502132
58540068
58547631
58559010
58561319
58591650
58628768
58645911
58650401
58669488
58673811
58681049
58681434
58704154
58705214
58705223
58709598
58712917
58750700
58772524
58776977
58777068
58798375
58836898
58846082
58849346
58863289
58870479
58881606
58896903
58934409
58953573
58970475
58971635
58973809
59016496
59024458
59029698
59031558
59055415
59064505
59070296
59074866
59077297
59082562
59084228
59102025
59108277
59140158
59144353
59151828
59169312
59178673
59194863
59210211
59240587
59258066
59289175
59306287
59361660
59374618
59381835
59385729
59394530
59440481
59460051
59478408
59478614
59510269
59522513
59523471
59616817
59630263
59652628
59658058
59662867
59663953
59664331
59678647
59705694
59720006
59726015
59737528
59739245
59743628
59744327
59757168
59765277
59788806
59795159
59810837
59817209
59828508
59844035
59853521
59863534
59905754
59905913
59917119
59933227
59947105
59954165
59976677
59983745
59987973
59996605
60005487
60008922
60009415
60018232
60022975
60030079
60096320
60101964
60106499
60110206
60110425
60139911
60142160
60146929
60149488
60151013
60169109
60196108
60228592
60235933
60238988
60250625
60253279
60261471
60281892
60294683
60307015
60326852
60335720
60356298
60361555
60369263
60370514
60370925
60402513
60405944
60412205
60458969
60459612
60470674
60475346
60497484
60557117
60566492
60574705
60589184
60590417
60609828
60624994
60693157
60726251
60727163
60743046
60750674
60776987
60823746
60857554
60869397
60886272
60903248
60911582
60921557
60927359
60931459
60962050
60969676
60981636
60982014
60982832
60985869
60995387
60997507
61006145
61008381
61028582
61041519
61047342
61063250
61064772
61073234
61081129
61097728
61098306
61106144
61107273
61114547
61183485
61183958
61228075
61240684
61241219
61262882
61269758
61277208
61282792
61296365
61309053
61320790
61394390
61403871
61413288
61422205
61425097
61443825
61456369
61461099
61474121
61477653
61528525
61572205
61584085
61607653
61636912
61663558
61671165
61678765
61699323
61717398
61759715
61761686
61797238
61802197
61810765
61857060
61872601
61892566
61900163
61907634
61908255
61921587
61937099
61944688
61950224
61953697
61954815
61962939
61964582
61972854
61984654
61988783
62000367
62027260
62039144
62043664
62075624
62098554
62123118
62139137
62152394
62152842
62155730
62196128
62277953
62312150
62324766
62351986
62375340
62416455
62443044
62451353
62454263
62468432
62497972
62511661
62524023
62534414
62557494
62601342
62601797
62607825
62612819
62615158
62626640
62646673
62657933
62672744
62683113
62686505
62711772
62726324
62782759
62797494
62803952
62805180
62808443
62816115
62819653
62822498
62857835
62933789
62965085
62984051
62984285
62996196
63002984
63005417
63034531
63046984
63075907
63080783
63087679
63159551
63167147
63266188
63283082
63311643
63365656
63368032
63369409
63381035
63385763
63394937
63432129
63442078
63454631
63482056
63488232
63511850
63530919
63543499
63548715
63550573
63551335
63583229
63584731
63616026
63633820
63671409
63686467
63717863
63757029
63761115
63792094
63795782
63797132
63823279
63837808
63852513
63857265
63878469
63889710
63917830
63950151
63999183
64015424
64015663
64032321
64045302
64071445
64072861
64080951
64120391
64125778
64175406
64207646
64228230
64296019
64301977
64302304
64315048
64358451
64360938
64429775
64455419
64462090
64481000
64486389
64527755
64550986
64558846
64562335
64565997
64613647
64615426
64634040
64640912
64641605
64643664
64670105
64697487
64737937
64738134
64781515
64812863
64816196
64816726
64819770
64824707
64829334
64890673
64892117
64903905
64920057
64936917
64938261
64942858
64946281
64984085
64985706
64990441
64998995
65014070
65045817
65063387
65070904
65078784
65096620
65116993
65213069
65220943
65233206
65249180
65254249
65254712
65258260
65267567
65290026
65337892
65338053
65341005
65347478
65349279
65389861
65414995
65424730
65431898
65439132
65451291
65451731
65452106
65488833
65491011
65538812
65543129
65567490
65598623
65607211
65617863
65633138
65667130
65679414
65698880
65707892
65708751
65738523
65750801
65759377
65765118
65795503
65809935
65813578
65815260
65837757
65839204
65842257
65845107
65849944
65851817
65905638
65915502
65922576
65926233
65963395
65977100
65978419
66000880
66028320
66028756
66028855
66056879
66063298
66069713
66076280
66094436
66157849
66167982
66173805
66175031
66212187
66231199
66237767
66238431
66240353
66259444
66268050
66273354
66309171
66313867
66334355
66432432
66464064
66467616
66475735
66480166
66509278
66510662
66521476
66535555
66581461
66581749
66611204
66638749
66642888
66668750
66674183
66682926
66732004
66740782
66749137
66757587
66759411
66788297
66844426
66889008
66890284
66912911
66915372
66923616
66926058
66941121
66947015
66951195
66958424
66997045
67007979
67008986
67018851
67022720
67027135
67033286
67039776
67048963
67084188
67088097
67114900
67148284
67155648
67168122
67178643
67185226
67190975
67209685
67223616
67226987
67237036
67245831
67260539
67261835
67274750
67277455
67286452
67292705
67294026
67326320
67410536
67419016
67423034
67432935
67437958
67441952
67447220
67463287
67478612
67522164
67522395
67524957
67548666
67549892
67592829
67595438
67633392
67664909
67683899
67684166
67703168
67703523
67722397
67735243
67748870
67767291
67785850
67798289
67800808
67808866
67815363
67817285
67842024
67860801
67875770
67895470
67905393
67928805
67939603
67948164
67949387
67957663
67966828
67975730
67977748
67995247
68005999
68017164
68088641
68128328
68149912
68158551
68173717
68178439
68230367
68260720
68267119
68267585
68274026
68294441
68302511
68316839
68318993
68336858
68364383
68368928
68388487
68404518
68411926
68457292
68457863
68495272
68514258
68546899
68565846
68568434
68578004
68605246
68612345
68613009
68627565
68650161
68695335
68730966
68731880
68735011
68761209
263307188
263316619
263389474
263395864
263413302
263416941
263425385
263451513
263456489
263475072
263498818
263507629
263512171
263533155
263536402
263551242
263556854
263558368
263574787
263591514
263610325
263624095
263641957
263693251
263751791
263767052
263794805
263811448
263818550
263821573
263832278
263835538
263853605
263862364
263864763
263873058
263894153
263909807
263929420
263945761
263950787
263951988
263971055
263973261
263996574
264005799
264023732
264047326
264048840
264091682
264101489
264107288
264152891
264172556
264188789
264190550
264203456
264221237
264240923
264255092
264294205
264303440
264332191
264335143
264342280
264382224
264433971
264436348
264443869
264508644
264529402
264533918
264537206
264553689
264566667
264607657
264611346
264621035
264622791
264627615
264631112
264670735
264682552
264761910
264786567
264791638
264792281
264802171
264809731
264819696
264825756
264849852
264868698
264894066
264911135
264918622
264919554
264934242
264942661
264950463
264958423
264967090
264998013
264999128
265005884
265015991
265047935
265071555
265089008
265109779
265110585
265112173
265114039
265119115
265126137
265134639
265138699
265142493
265170083
265209227
265212258
265213763
265266636
265273623
265285380
265286469
265306999
265316301
265349775
265361441
265368893
265369029
265377361
265402359
265415312
265433666
265442687
265489086
265533249
265537090
265546069
265564213
265572178
265597487
265641698
265647715
265656509
265667727
265685552
265704691
265712424
265714624
265714945
265715946
265720871
265722800
265734542
265744986
265752750
265763040
265764627
19565021
19568809
19570255
19581905
19591330
19593172
19595584
